
2020
1979
2032
1954
1985
1976
2096
2045
2080
2001
1968
1936
1969
1882
1953
1944
1946
1939
2129
2502
2615
1931
1688
1880
2038
1925
1998
1999
2059
2020
2080
2001
2040
2028
2101
2045
2099
2124
2166
2147
2200
2195
2251
2347
2370
2380
2407
2368
2355
2273
2157
2067
2025
1950
1896
1854
1853
1882
1825
1856
1887
1824
1924
1917
1927
1893
1867
1928
1947
1970
1952
1963
1934
1970
1937
1987
1954
1999
1954
1971
1961
1947
1895
1990
1954
2015
1929
2014
1877
2024
1856
2003
1933
2090
1980
2002
1909
2008
1872
2044
1878
2065
1885
2075
1955
2423
2581
2431
1671
1875
1944
2131
1917
2136
1990
2113
1947
2162
1978
2164
2078
2165
2039
2131
2046
2164
2083
2170
2237
2250
2316
2253
2415
2312
2368
2246
2267
2080
2070
1915
1968
1804
1988
1780
1963
1751
1996
1849
2037
1857
2053
1886
2057
1875
1997
1903
2103
1933
2059
1940
2110
1952
2049
1893
1979
1947
1996
1978
1963
1951
1973
1981
1878
1921
2006
1945
1975
2003
2016
2026
2082
2071
2130
2114
2117
2033
2054
1969
2051
2033
2037
1997
2074
2239
2654
2602
2027
1767
1972
2051
2083
2039
2129
2087
2115
2093
2151
2110
2162
2136
2199
2143
2199
2207
2255
2327
2291
2370
2387
2484
2405
2489
2351
2429
2243
2291
2046
2126
1919
2009
1878
2020
1823
2022
1839
1973
1893
2083
1883
2023
1849
2057
1910
2048
1887
2016
1917
2013
1917
1987
1939
2035
1970
2023
1959
2037
1992
2079
2011
2078
1995
2091
2017
2057
2003
2053
1979
2047
1987
2043
1968
2034
2064
2097
1969
2007
1956
1963
1960
1997
1943
1987
1994
2024
2280
2729
2471
1947
1829
2078
2072
2138
2069
2105
2041
2115
2044
2111
2087
2150
2081
2154
2143
2209
2197
2217
2217
2286
2357
2374
2445
2377
2393
2383
2355
2261
2188
2134
1987
1970
1959
1900
1944
1919
1942
1906
1899
1897
1952
1894
1988
1973
1982
1933
1990
1931
2038
1922
1969
1965
2029
1931
1989
1916
2008
1898
2015
1898
1981
1855
2036
1953
2014
1917
2058
1924
2004
1916
2043
1902
2111
1927
2130
1942
2177
2048
2199
1928
2114
1934
2089
1942
2105
1874
2101
1995
2462
2586
2339
1616
1927
1937
2095
1981
2051
2002
2081
2061
2062
2081
2066
2126
2057
2147
2083
2271
2106
2242
2122
2386
2297
2480
2288
2442
2266
2419
2342
2268
2210
2359
1950
2215
1787
2089
2241
2359
4094
4095
4094
4095
4095
4094
4093
4094
4094
4094
4094
4094
4095
4094
4095
4094
4094
4093
4093
4094
4094
4094
4094
4094
4094
4095
4095
4095
4093
4093
4094
4094
4094
4095
4095
4094
4094
4095
3934
4089
3762
3880
3818
3902
3947
3920
3996
3366
2857
1438
1934
495
998
0
58